# Mowgli ROS2 — Persisted areas and docking point
# Auto-generated by map_server_node. Do not edit manually.

datum_lat: 44.461007677
datum_lon: -0.367992471

area_count: 4

area_0_name: Mowing area 1
area_0_polygon: 2.65428,0.522265;4.65299,0.909231;6.35899,-0.10263;5.89623,-1.5098;4.29062,-2.77693;3.79977,-5.99937;2.99864,-12.6248;1.90714,-15.7536;0.327657,-15.2714;1.48645,-10.8622;2.69404,-5.03787;2.41789,-1.95273;1.88932,-0.703027
area_0_is_navigation: 0
area_0_obstacle_count: 0

area_1_name: Mowing area 2
area_1_polygon: 2.04866,-0.487266;0.0203541,-0.380151;-1.45219,-1.66251;-2.49179,-3.18081;-3.98289,-3.57183;-9.96601,-5.44031;-10.186,-5.53311;-10.358,-5.52325;-10.5606,-5.6006;-10.8189,-5.64572;-11.1308,-5.739;-11.5586,-5.87093;-11.8705,-6.04331;-12.1016,-6.23137;-12.154,-6.40318;-12.0902,-6.56052;-12.0334,-6.68809;-11.9793,-6.80214;-11.9097,-6.9608;-11.8559,-7.07762;-11.7882,-7.2158;-11.7281,-7.359;-11.6784,-7.47983;-11.6287,-7.62163;-11.57,-7.7607;-11.5257,-7.91016;-11.4686,-8.08136;-11.4046,-8.21874;-11.3639,-8.36245;-11.2925,-8.47821;-11.2439,-8.61759;-11.1839,-8.75712;-11.148,-8.92236;-11.1118,-9.02914;-11.0588,-9.17106;-11.0182,-9.28459;-10.9555,-9.42111;-10.9035,-9.51853;-10.8142,-9.64913;-10.7404,-9.81281;-10.7077,-9.91476;-10.7036,-10.0347;-10.6163,-10.1791;-10.5961,-10.3101;-10.4936,-10.4058;-10.4567,-10.5799;-10.3941,-10.7288;-10.348,-10.8439;-10.2963,-10.9659;-10.2745,-11.0879;-10.2238,-11.259;-10.1725,-11.4076;-10.0916,-11.5759;-10.029,-11.6982;-9.96115,-11.8519;-9.86471,-11.9961;-9.81678,-12.1211;-9.73417,-12.2719;-9.66885,-12.5008;-9.55059,-12.691;-9.48132,-12.8227;-9.3752,-12.965;-9.29084,-13.136;-9.188,-13.2724;-9.05616,-13.4174;-8.93119,-13.5228;-8.77316,-13.6378;-8.66833,-13.6744;-8.53904,-13.7223;-8.43833,-13.7669;-8.3255,-13.8137;-8.19707,-13.8655;-8.07501,-13.915;-7.9787,-13.9525;-7.88554,-14.0222;-7.77865,-14.09;-7.67175,-14.1562;-7.55514,-14.2142;-7.42893,-14.2768;-7.29779,-14.3473;-7.23165,-14.4474;-7.14096,-14.5189;-7.0392,-14.6095;-6.92014,-14.7572;-6.84065,-14.8447;-6.76869,-14.9307;-6.68711,-15.0343;-6.63693,-15.1247;-6.59396,-15.2253;-6.53398,-15.3392;-6.49855,-15.4831;-6.4829,-15.5857;-6.47069,-15.6966;-6.40584,-15.7898;-6.32677,-15.9298;-6.29265,-16.0332;-6.25849,-16.1568;-6.21872,-16.2525;-6.12339,-16.3054;-6.01619,-16.3152;-5.87151,-16.3427;-5.74151,-16.382;-5.59914,-16.407;-5.47781,-16.4621;-5.35495,-16.5239;-5.24139,-16.603;-5.12922,-16.684;-5.03714,-16.7607;-4.93792,-16.8368;-4.82999,-16.922;-4.6675,-17.0346;-4.54309,-17.1194;-4.44533,-17.1766;-4.31792,-17.2387;-4.17652,-17.2944;-4.06077,-17.3302;-3.93862,-17.3569;-3.76144,-17.3907;-3.65373,-17.3797;-3.5421,-17.3478;-3.44574,-17.2978;-3.33194,-17.2544;-3.24865,-17.1768;-3.16724,-17.1035;-3.07328,-17.0382;-2.97989,-16.9573;-2.88343,-16.8682;-2.79216,-16.767;-2.72189,-16.6574;-2.64112,-16.5488;-2.58041,-16.4523;-2.51376,-16.3502;-2.44774,-16.2473;-2.37658,-16.1291;-2.30767,-16.0178;-2.25517,-15.9326;-2.1945,-15.8344;-2.092,-15.6787;-2.01647,-15.5664;-1.96142,-15.4826;-1.88948,-15.3701;-1.00113,-16.112;-0.752034,-15.771;-0.274315,-15.3694;0.169881,-14.6411;0.679758,-12.9725;1.09807,-11.4869;2.37444,-5.16206;2.04866,-0.487266
area_1_is_navigation: 0
area_1_obstacle_count: 1
area_1_obstacle_0: -4.71098,-6.76457;-3.43042,-6.45586;-3.58932,-5.67038;-4.86252,-5.92392;-4.71098,-6.76457

area_2_name: Mowing area 3
area_2_polygon: -12.4857,-6.78783;-12.5868,-6.82033;-12.6921,-6.84877;-12.7919,-6.88865;-12.9159,-6.92812;-13.0619,-7.00216;-13.1973,-7.0749;-13.4233,-7.147;-13.5444,-7.17809;-13.644,-7.20539;-13.7213,-7.28616;-13.8158,-7.33009;-13.9106,-7.37432;-14.0153,-7.41552;-14.3577,-7.54402;-14.4343,-7.61401;-14.5428,-7.67335;-14.6611,-7.72502;-14.7706,-7.772;-14.8655,-7.80562;-14.9976,-7.89564;-15.0748,-7.96733;-15.1348,-8.07341;-15.1534,-8.18039;-15.1759,-8.28014;-15.1234,-8.37526;-15.0677,-8.46563;-14.9867,-8.53506;-14.9385,-8.62354;-14.7823,-8.71409;-14.7412,-8.87808;-14.7652,-9.04197;-14.7803,-9.14986;-14.7834,-9.37818;-14.7447,-9.48793;-14.7109,-9.58326;-14.6771,-9.6792;-14.6631,-9.80005;-14.6434,-9.91348;-14.6365,-10.0141;-14.6244,-10.1233;-14.6028,-10.2315;-14.5584,-10.3619;-14.5156,-10.459;-14.4546,-10.5417;-14.3832,-10.6168;-14.3402,-10.7183;-14.3134,-10.8159;-14.2982,-10.9195;-14.2426,-11.0762;-14.1805,-11.1731;-14.128,-11.2661;-14.0649,-11.3678;-14.0066,-11.4672;-13.9648,-11.5893;-13.9391,-11.6887;-13.9408,-11.79;-13.9355,-11.9093;-13.9299,-12.0276;-13.9069,-12.1265;-13.8612,-12.2215;-13.8133,-12.3144;-13.7621,-12.4142;-13.7219,-12.5278;-13.6875,-12.6283;-13.6449,-12.725;-13.5675,-12.7986;-13.4976,-12.8856;-13.3942,-12.9093;-13.2805,-12.9485;-13.2011,-13.0171;-13.1092,-13.0898;-13.033,-13.1649;-12.9606,-13.2697;-12.9054,-13.3627;-12.8549,-13.457;-12.8064,-13.5638;-12.755,-13.6546;-12.6968,-13.741;-12.6475,-13.8353;-12.6024,-13.9295;-12.5753,-14.0268;-12.5593,-14.1295;-12.5334,-14.2289;-12.5009,-14.3325;-12.4652,-14.4288;-12.4251,-14.5218;-12.3924,-14.6172;-12.3692,-14.7344;-12.3658,-14.8476;-12.3792,-14.9575;-12.4021,-15.0584;-12.4125,-15.1815;-12.4133,-15.2899;-12.4,-15.3913;-12.364,-15.4878;-12.3277,-15.5887;-12.292,-15.6868;-12.2643,-15.784;-12.2391,-15.8873;-12.2174,-15.993;-12.2033,-16.0924;-12.1841,-16.1979;-12.1664,-16.3047;-12.1446,-16.4039;-12.1085,-16.5002;-12.0647,-16.592;-12.0178,-16.6848;-11.9612,-16.784;-11.9192,-16.8808;-11.8707,-16.969;-11.8273,-17.0593;-11.7815,-17.153;-11.7424,-17.2489;-11.7069,-17.3722;-11.6747,-17.4683;-11.623,-17.5845;-11.5848,-17.685;-11.5241,-17.8293;-11.4878,-17.9329;-11.4329,-18.0426;-11.3442,-18.2227;-11.2726,-18.2934;-11.188,-18.2065;-11.0868,-18.1999;-10.9721,-18.1955;-10.8689,-18.2202;-10.7678,-18.2207;-10.6896,-18.1559;-10.5911,-18.1168;-10.4874,-18.0793;-10.3902,-18.0542;-10.2803,-18.0289;-10.1854,-17.9675;-10.1176,-17.8927;-10.0287,-17.8427;-9.92861,-17.7963;-9.82646,-17.7574;-9.72137,-17.7305;-9.61098,-17.715;-9.50047,-17.7119;-9.40149,-17.6977;-9.30318,-17.6714;-9.20889,-17.621;-9.13092,-17.5573;-9.04665,-17.5034;-8.94744,-17.4618;-8.84659,-17.4481;-8.74202,-17.4553;-8.62862,-17.471;-8.52395,-17.4534;-8.43588,-17.4002;-8.3695,-17.3141;-8.27955,-17.2421;-8.18826,-17.1875;-8.0989,-17.1371;-8.00587,-17.0809;-7.91093,-17.0278;-7.81632,-16.9853;-7.7199,-16.9384;-7.63379,-16.8855;-7.55917,-16.7957;-7.5161,-16.7022;-7.50143,-16.5965;-7.52941,-16.4919;-7.54542,-16.3883;-7.61303,-16.2851;-7.66736,-16.2004;-7.70429,-16.1066;-7.75076,-16.0072;-7.81309,-15.918;-7.88136,-15.8325;-7.95559,-15.7625;-8.04026,-15.6912;-8.12395,-15.5965;-8.18731,-15.5175;-8.25188,-15.4231;-8.29673,-15.3283;-8.34096,-15.2254;-8.39474,-15.1287;-8.4845,-15.0042;-8.54791,-14.9078;-8.57453,-14.81;-8.61561,-14.7051;-8.66311,-14.6137;-8.72312,-14.5306;-8.78693,-14.4413;-8.84286,-14.3346;-8.89416,-14.2353;-8.94581,-14.1354;-8.9896,-14.0329;-9.03135,-13.9221;-9.08022,-13.8161;-9.12305,-13.7058;-9.17469,-13.6117;-9.22821,-13.5048;-9.28948,-13.4166;-9.34397,-13.3326;-9.41372,-13.2446;-9.47618,-13.1619;-9.55299,-13.0843;-9.61962,-12.9922;-9.67919,-12.9052;-9.73803,-12.7926;-9.79218,-12.6945;-9.83461,-12.5915;-9.87178,-12.4848;-9.92015,-12.3814;-9.96507,-12.2814;-10.0302,-12.1961;-10.1038,-12.1204;-10.173,-12.0377;-10.2614,-11.9627;-10.3354,-11.8739;-10.3964,-11.7816;-10.448,-11.6763;-10.4698,-11.5631;-10.4818,-11.4578;-10.5113,-11.3578;-10.5656,-11.2559;-10.6264,-11.1754;-10.7182,-11.1101;-10.7879,-11.0244;-10.845,-10.9267;-10.89,-10.8301;-10.9224,-10.7203;-10.9511,-10.6099;-10.9643,-10.5012;-10.9795,-10.3822;-10.9991,-10.2736;-11.0338,-10.1692;-11.0566,-10.0644;-11.0833,-9.95577;-11.1106,-9.82862;-11.1458,-9.71413;-11.1921,-9.61587;-11.244,-9.52527;-11.2898,-9.42691;-11.3278,-9.325;-11.3606,-9.21414;-11.3873,-9.1108;-11.4175,-9.00431;-11.4361,-8.88873;-11.4544,-8.77983;-11.4742,-8.66311;-11.5298,-8.56509;-11.5738,-8.47398;-11.6563,-8.40601;-11.7821,-8.29383;-11.8531,-8.20667;-11.9264,-8.11972;-11.9824,-8.02673;-12.0295,-7.9247;-12.0672,-7.82475;-12.0978,-7.71447;-12.1229,-7.61321;-12.2041,-7.51919;-12.2435,-7.40477;-12.2756,-7.28426;-12.3345,-7.15427;-12.3663,-7.06991;-12.4074,-6.95248
area_2_is_navigation: 0
area_2_obstacle_count: 0

area_3_name: 
area_3_polygon: -2.55998,-1.39207;-3.08756,-2.34611;-2.95142,-3.13874;-3.66455,-3.26447;-3.78944,-2.52598;-12.6777,-4.72427;-12.3937,-5.37734;-12.1098,-6.03041;-11.3539,-7.40364;-10.619,-9.53142;-11.7059,-10.5452;-10.8296,-12.8486;-8.36084,-14.3403;-6.85405,-17.0263;-4.44816,-18.4305;-1.85695,-18.1667;-0.0366601,-15.4642;2.16572,-15.9135;3.29531,-12.7283;4.11732,-5.53403;-0.144028,-5.08079;-0.466368,-7.2394;-5.61292,-8.14692;-5.9644,-5.88245;-2.52748,-5.25665;-0.51515,-4.96148;-0.244234,-4.95036;4.64807,-5.20799;5.76028,-5.37268;6.0885,-1.88261;4.08248,-1.78741;3.29015,-1.75526;2.73883,-1.74304;1.84014,-0.221484;-2.55998,-1.39207
area_3_is_navigation: 1
area_3_obstacle_count: 0

